00100000000010000000000000000000
00100000000010010000000000000101
00100000000010100000000000000000
00100000000100000000000000000000
00100000000100010000000000000000
00000001010010010101100000101010
00010001011000000000000000001010
10001101000011000000000000000000
00110001100011010000000000000001
00010001101000000000000000000001
00100010001100010000000000000001
00000010000011000110100000101010
00010001101000000000000000000001
00000000000011001000000000100000
00100001000010000000000000000100
00100001010010100000000000000001
00001000000000000000000000000101
10101100000100000000000000101000
10101100000100010000000000101100